track_name,track_id,date_added,album_name,release_date,track_duration_ms,track_popularity,artist,artist_id,artist_followers,artist_popularity,artist_genres,danceability,energy,key,loudness,mode,speechiness,acousticness,instrumentalness,liveness,valence,tempo,time_signature
SOS,6nDKrPlXdpomGBgAlO7UdP,2019-06-28T06:00:38Z,SOS,2019-04-10,157202,85,Avicii,1vCWHaC5f2uS3yhpwWbIA6,13893392,94,"big room,edm,pop",0.802,0.645,5,-6.181,0,0.0715,0.272,0,0.119,0.376,100.001,4
Ain’t Got You,6XjqbO09c9FP2krzYUuCtZ,2019-06-28T06:00:38Z,Ain’t Got You,2019-06-28,200330,39,Steve Void,3WSK3JppX3N41XHVwQp7Gt,41337,63,"deep tropical house,edm,pop edm,tropical house",0.718,0.869,6,-2.822,1,0.0495,0.0108,0.00015,0.102,0.717,121.056,4
So Am I - Steve Void Dance Remix,7GLWtwtQICFEKNYLZEQKXL,2019-06-28T06:00:38Z,So Am I (Steve Void Dance Remix),2019-06-06,187142,58,Ava Max,4npEfmQ6YuiwW1GpUmaq3F,428718,85,"dance pop,pop,post-teen pop",0.687,0.707,6,-4.924,1,0.0414,0.158,0,0.119,0.805,126.081,4
Flowers,4YSwZjx96DxUOzy20ngyvH,2019-06-28T06:00:38Z,Flowers,2019-06-28,198805,28,Dirty Palm,4cZvsAtZm91PBC0tXlDrP0,16723,54,"deep big room,melbourne bounce international,tracestep",0.686,0.854,2,-2.603,0,0.0415,0.0526,0.000294,0.187,0.246,128.049,4
Somebody,7dMkq3poFJtz6299Jsr08S,2019-06-28T06:00:38Z,Somebody,2019-06-07,165552,51,Nick Peters,4Rm7UAexBAJqL3LHAUepbw,1228,47,new french touch,0.819,0.815,1,-4.63,1,0.0414,0.0279,0.0142,0.223,0.244,123.969,4
Hold Me While You Wait - Steve Void Remix,5dy3WUywjZcalTno1io8TQ,2019-06-28T06:00:38Z,Hold Me While You Wait (Steve Void Remix),2019-06-21,172800,56,Lewis Capaldi,4GNC7GD6oZMSxPGyXy4MNB,710316,90,pop,0.675,0.76,11,-7.037,1,0.0434,0.104,0,0.33,0.468,124.933,4
Get Loud,4Mh6d3ROs8pZVdqQC8fnGs,2019-06-28T06:00:38Z,Get Loud,2019-05-17,144497,46,DMNDS,0U3b0BjITtQHwjwBVtiGcO,161,44,,0.755,0.888,6,-4.696,0,0.0706,0.00255,0.00566,0.222,0.5,123.052,4
Closure,08H2gS7cSUaO8mHeiBiDye,2019-06-28T06:00:38Z,Closure,2018-12-07,166446,62,Steve Void,3WSK3JppX3N41XHVwQp7Gt,41337,63,"deep tropical house,edm,pop edm,tropical house",0.596,0.834,0,-4.095,1,0.0542,0.126,1.05e-06,0.65,0.562,123.981,4
On My Own,0SCM6njSH7uSJt7zCqeuYa,2019-06-28T06:00:38Z,On My Own,2019-05-17,167250,51,Rich James,35KtMJ3zEIvITK6xssqTWq,2794,48,funk,0.689,0.685,6,-5.836,0,0.0368,0.441,0.00454,0.339,0.57,122.025,4
Honey,0R0o8ASFnjFUKi3uoPzgen,2019-06-28T06:00:38Z,Honey,2019-04-26,200059,51,DMNDS,0U3b0BjITtQHwjwBVtiGcO,161,44,,0.701,0.908,5,-4.499,0,0.0533,0.0011,6.36e-05,0.614,0.181,124.039,4
Bad Love,06m9IzcE90sFufzRwCxEmI,2019-06-28T06:00:38Z,Bad Love,2019-06-07,146378,50,Rich James,35KtMJ3zEIvITK6xssqTWq,2794,48,funk,0.761,0.715,0,-5.231,1,0.035,0.118,4.28e-06,0.0668,0.65,123.087,4
Somebody,7CIx6zasWwRTzu9TmuIzAN,2019-06-28T06:00:38Z,Somebody,2019-05-03,178743,48,Jonas Hahn,7tBpLbevy1QHXITbLo5SIn,142,40,,0.727,0.833,6,-5.047,0,0.0779,0.0105,2.99e-05,0.211,0.35,125.003,4
When You Leave - Steve Void Remix,4vUGTQLxiRWEzqP6PHHlLf,2019-06-28T06:00:38Z,When You Leave (Steve Void Remix),2019-04-26,147840,49,Nikki Vianna,5YyGLejM00snCF1RJKlocJ,2245,59,nyc pop,0.694,0.862,1,-5.319,1,0.0467,0.00809,1.41e-05,0.156,0.798,124.945,4
Aleya,51pG3akIzO8TH7JokTVHhm,2019-06-28T06:00:38Z,Aleya,2019-06-07,153692,44,Vijay & Sofia Zlatko,23BtKJexFLn0Ri6s7BEC4d,13378,56,"deep house,deep tropical house,groove room,tropical house",0.796,0.564,11,-5.932,1,0.0393,0.527,0.192,0.0866,0.632,121.972,4
Wayside,0sB1oQgY6pE61M0KHXfKqz,2019-06-28T06:00:38Z,Wayside,2019-05-10,185561,46,Rafman,637329eW8xlkX599i55b9m,2173,35,,0.592,0.779,1,-3.99,0,0.263,0.157,0,0.43,0.615,105.121,4
Piece Of Your Heart,5p1ex0pXv6jSPJ6QbumQpD,2019-06-28T06:00:38Z,Piece Of Your Heart,2019-02-01,152913,69,MEDUZA,0xRXCcSX89eobfrshSVdyu,21609,82,pop house,0.677,0.744,10,-6.806,0,0.0295,0.0404,0.00016,0.074,0.631,124.08,4
Don't Leave,4WSUEZJ6GHsyiR57FM5dTc,2019-06-28T06:00:38Z,Don't Leave,2019-06-28,175112,21,Rich James,35KtMJ3zEIvITK6xssqTWq,2794,48,funk,0.763,0.738,1,-7.071,1,0.0458,0.0467,0,0.138,0.36,121.986,4
Undercover,2plax6NXyg9wwN85zM96kd,2019-06-28T06:00:38Z,Undercover,2019-06-28,164245,20,Chester Young,3u45rXhQ0o9pUL24xlnf6e,887,29,future house,0.533,0.986,11,-3.456,0,0.0641,0.0098,0.000159,0.26,0.183,125.971,4
What It Feels Like,1fh4Htn2bCZnDEtDPN7bFY,2019-06-28T06:00:38Z,What It Feels Like,2019-06-28,171952,20,Colin Hook,3l7JE3OLAlWR4GPuxV10Ll,141,25,,0.591,0.675,11,-6.672,0,0.0798,0.488,0.00699,0.136,0.0962,125.942,4
Good Love,4w4vv9H5swaSQuKP6DBs2Y,2019-06-28T06:00:38Z,Good Love,2019-06-28,163619,19,eedion,35ks5tEMBUatBsLSCJzMg0,1013,41,,0.686,0.774,6,-6.946,1,0.0368,0.00473,0.106,0.0741,0.517,125.986,4
Into the Night,4y592dCEos2RxZFLmVgwYO,2019-06-28T06:00:38Z,Into the Night,2019-05-03,176105,45,Jaimes,6EdfpkgBzauysFts2D0LSO,131,43,,0.564,0.616,2,-7.436,0,0.0533,0.0755,0,0.092,0.43,109.845,4
Girl in Red,6eBZGUGriVK8RHYjbk6Xu4,2019-06-28T06:00:38Z,Girl in Red,2019-04-19,155547,47,Dastic,1wdU1J2NHzcDYarT7jEU2A,19510,53,"deep big room,electro house,pop edm",0.707,0.869,6,-3.61,1,0.0415,0.0903,0.00588,0.0895,0.232,127.986,4
Promises,317T5eDiNUngDIfCrfNCJg,2019-06-28T06:00:38Z,Promises,2019-03-15,175165,48,Rich James,35KtMJ3zEIvITK6xssqTWq,2794,48,funk,0.728,0.797,1,-4.541,0,0.0375,0.277,3.85e-05,0.597,0.58,122.979,4
Make Me Feel,3YnEHnAK5CdDVBtWJ5Lxm6,2019-06-28T06:00:38Z,Make Me Feel,2019-05-24,161894,43,WICKD,0EHmjLGfcWNSg3GLGDO8KK,452,37,,0.677,0.707,0,-5.19,0,0.0906,0.0338,6.86e-06,0.191,0.226,93.753,3
Greatest,0eVdPvq708K1qqPUDEIK6P,2019-06-28T06:00:38Z,Greatest,2019-04-12,165750,48,musicbyLukas,02J91vjx70RxgOldFd7TR1,6317,43,future house,0.65,0.915,8,-5.631,1,0.0486,0.066,0.02,0.409,0.365,126.044,4
Bring Me Back To You,711M8aQFWyU38Hcd62hUF0,2019-06-28T06:00:38Z,Bring Me Back To You,2019-05-31,215994,42,Savi,1H72fTOUAUl0WQ4kH5DPVW,1696,44,pop edm,0.602,0.914,2,-2.247,0,0.138,0.0525,1.14e-06,0.0687,0.462,150.048,4
How Can I Wait,1PSHUcaWdmrqOzXov7QZQV,2019-06-28T06:00:38Z,How Can I Wait,2019-05-31,190775,41,Disero,0YVFdCm1S3ikQU0yl110lu,784,46,canadian electronic,0.527,0.708,11,-9.715,1,0.0354,0.104,6.52e-06,0.0938,0.455,174.069,4
Burn Again,1LCLiUxpz9EU0A5AxD4ZyC,2019-06-28T06:00:38Z,Burn Again,2019-06-21,192745,35,Joshua Francois,6cZrFzGumgIBg0QnixF6Dp,672,39,pop edm,0.638,0.764,5,-5.488,0,0.165,0.0556,0,0.259,0.359,127.005,4
I Just Want You,7qnedbRkUUR71XXz6RfhKP,2019-06-28T06:00:38Z,I Just Want You,2019-06-21,176262,36,YANIC,232vpxgsYP5Mc6yU99xZWG,229,37,,0.508,0.728,6,-4.947,1,0.037,0.289,0.00617,0.107,0.301,123.699,4
Go Back,5JAoUWhKIGLfFX4rZwcp9q,2019-06-28T06:00:38Z,Go Back,2019-06-21,188043,35,Funky Fool,4GQbEubUneU1YlR4KFvUPm,1087,33,belgian edm,0.675,0.85,6,-3.256,1,0.194,0.163,0.0638,0.411,0.283,120.181,4
All for You,207hSKh8DSs1lHbv9RoMeG,2019-06-28T06:00:38Z,All for You,2019-06-21,176027,33,Sam Ourt,5I3AwOX9Fr2gEG6SKmltH6,267,38,,0.642,0.902,7,-7.318,1,0.0352,0.00297,0.762,0.203,0.0721,119.999,4
#One,3FKIquRVyTjJuHhsoV9umK,2019-06-28T06:00:38Z,#One,2019-06-21,169052,33,39 Kingdom,2JnQtHnHjylFjCDkYAiH1E,75,27,,0.676,0.906,8,-4.806,0,0.053,0.0313,0.0435,0.109,0.277,105.022,4
Far Away (Danny Leax & Avish Remix),4q8QuvV1HCflfoGlGVrQWl,2019-06-28T06:00:38Z,Far Away (Danny Leax & Avish Remix),2019-06-21,217196,33,Nate VanDeusen,125PCXGTE6sFhvG8w0EnvU,759,40,,0.621,0.869,11,-3.529,0,0.0641,0.207,0,0.204,0.264,125.928,4
Only Yours,61CRA0gUB73OtEZhLJUFMd,2019-06-28T06:00:38Z,Only Yours,2019-06-14,191988,38,NUDØ,4jUscfWxMwNhbyKwDcm0hg,219,39,"montreal indie,pop edm",0.71,0.655,0,-7.263,1,0.0379,0.78,0,0.0738,0.503,99.92,4
Satellites,48rIE8rFGmfxL7483rHOIF,2019-06-28T06:00:38Z,Satellites,2019-06-14,169130,39,One of Six,705LwIwhGPqFjs8rOU7pSW,160,31,,0.75,0.921,9,-4.714,0,0.124,0.0108,0.0027,0.105,0.48,128.026,4
Alone,0N0Guy9oai10xJEbWEn9cq,2019-06-28T06:00:38Z,Alone,2019-06-14,165160,40,Thomas Nan,0hxxNMb3Egp5oWzR0vcX8v,273,43,,0.708,0.677,5,-7.197,0,0.0872,0.00361,0.248,0.0929,0.474,125.029,4
Hug It Out,2jnRIVTc029MoPFaPAXghG,2019-06-28T06:00:38Z,Hug It Out,2019-06-14,203351,38,Laurentius,2TCVmKZV4q5rtGd0smRBFo,1269,41,,0.699,0.561,8,-7.332,1,0.119,0.19,4.33e-06,0.29,0.47,96.01,4
Waiting for You [Voost Remix],6z8He9Zkmo6XdDmlBFHfKI,2019-06-28T06:00:38Z,Waiting for You [Voost Remix],2019-06-14,181042,38,Stisema,3zXtPNCNWggzI962k6qxF1,7529,44,,0.661,0.779,10,-9.116,0,0.0293,0.00293,4.15e-05,0.0494,0.469,121.985,4
Are We There Yet,4VTgdqKlVRxTDhKqLLQkmO,2019-06-28T06:00:38Z,Are We There Yet,2019-06-14,179292,43,32Stitches,4NH2deLFDDB0YeV3PNLjWQ,848,35,,0.535,0.634,8,-6.023,1,0.0303,0.0276,2.18e-05,0.148,0.455,174.034,4
Find My Way,7KUigfY68LKdpXkUdKLeIf,2019-06-28T06:00:38Z,Find My Way,2019-05-31,179708,41,Pharien,1o5EqlNmXaRRsT6imRMm3i,812,42,pop edm,0.669,0.929,8,-3.225,1,0.0548,0.00116,0.368,0.27,0.697,121.974,4
Too Many Chances,20XCdvN8cg2Czgn2z2mEXT,2019-06-28T06:00:38Z,Too Many Chances,2019-05-24,206825,41,Xenton,45dhOLIJO1850ONnshhE5S,24,30,,0.775,0.839,8,-5.55,0,0.0904,0.33,0.000121,0.329,0.707,119.956,4
Oh Baby,4oaL7lqXd0woQ0MvxbQaYr,2019-06-28T06:00:38Z,Oh Baby,2019-06-07,176288,43,Blaze U,2qY02HUpBMVIy3oGX8URf1,3955,40,future house,0.592,0.887,6,-4.423,1,0.0384,0.0249,1.23e-05,0.35,0.0687,128.025,4
Count on You,3FpbxMTKI2F5NKBrAsNDew,2019-06-28T06:00:38Z,Count on You,2019-06-07,159909,40,Biray,3o2uwz1okOwbHseFmQ5xt1,2150,31,,0.765,0.873,6,-3.847,0,0.104,0.0228,8.41e-05,0.0788,0.443,128.137,4
Just Good,32reOkoz0M4nzBYiVj9tdq,2019-06-28T06:00:38Z,Just Good,2019-06-07,170645,40,Panoptiqum,02GVvm5IjTDMoFqE4ThqCk,15,30,,0.745,0.874,1,-4.629,1,0.205,0.0544,0.000322,0.139,0.451,128.243,4
U I Need [tofû & nelle Remix],3H0Zc9pMmV8uULNL2NBqpp,2019-06-28T06:00:38Z,U I Need [tofû & nelle Remix],2019-06-07,185600,42,Aspyer,3LaBw0YCv8D35w9AvePFtF,646,55,,0.461,0.712,4,-6.131,1,0.0362,0.0137,2.53e-06,0.342,0.19,149.953,4
Heartbeat [Thomas Nan & Luxe Agoris Remix],4YexgfrIhmSRhaWpgqoEKP,2019-06-28T06:00:38Z,Heartbeat [Remix Pack Vol.1],2019-04-26,163253,39,MorganJ,5irwemCIBdwWYTZrcxX2UW,3604,45,,0.706,0.702,6,-5.933,1,0.0363,0.0238,2.76e-05,0.325,0.465,125.065,4
Together (with Norman Doray),0KyLL2qLZLB7BAx8hoBKfF,2019-06-28T06:00:38Z,Together (with Norman Doray),2019-01-25,192818,59,Arno Cost,0BMhfbeiOrNMBzjELzbyNg,17085,53,"big room,edm,electro house,progressive electro house,progressive house,tech house",0.532,0.883,11,-4.31,0,0.0729,0.0306,0.156,0.393,0.516,123.99,4
Wednesday,4LOwI9uGyawEiqnSTgVdcg,2019-06-28T06:00:38Z,Wednesday,2019-04-05,168556,43,Big Z,1QJ4iU6xJtdrk6HSPUTQ98,5418,48,pop edm,0.728,0.823,8,-4.552,1,0.129,0.0702,7.26e-06,0.28,0.452,119.828,4
With You,43Wce6u3ukhWCxSyzywqJZ,2019-06-28T06:00:38Z,With You,2019-05-10,158655,42,Waterbeld,527JZHcOFRVFOrkzCjLtuJ,150,33,,0.799,0.736,5,-5.639,1,0.0643,0.0284,0,0.131,0.779,124.034,4
All That's Left,6l2FECFH0huNPcHXqILMvo,2019-06-28T06:00:38Z,All That's Left,2019-04-12,194051,40,Nick Steffen,1JuyS6X5aCe00CIVJSiW95,124,33,,0.582,0.836,0,-6.546,0,0.0277,0.00118,0.00586,0.598,0.499,124.012,4
Never Grow Up,0tLVy7TynDgRG97liSGyRt,2019-06-28T06:00:38Z,Never Grow Up,2019-05-24,145307,40,Jasted,0ceAkUWB6kvxGNLvHiSqf2,774,36,future house,0.588,0.874,5,-3.739,0,0.0807,0.0585,1.61e-05,0.358,0.33,127.773,4
Go All Night,0r6O480bOxbNf3alnaFVTD,2019-06-28T06:00:38Z,Go All Night,2019-05-31,126708,39,Valiant,2LQ6CvVANu6FpLp2RWQhE2,116,31,,0.611,0.889,1,-3.209,1,0.192,0.0529,0,0.272,0.593,125.143,4
Thunder,2ZGPT8VISBUcxJqdiboa5h,2019-06-28T06:00:38Z,Thunder,2019-06-18,211677,34,LEXIM,6d3Ln06qXCe5Mt85yEFxE6,67,24,,0.431,0.792,2,-7.107,1,0.0734,0.104,4.4e-06,0.0601,0.225,80.595,4
What Mama Said,03El1lExfp7E00gkRqcNvw,2019-06-28T06:00:38Z,What Mama Said,2019-05-23,237798,36,Manuel Riva,2hkGkEnyudpE42IU4DBt99,4081,41,"groove room,romanian electronic",0.771,0.815,8,-5.741,1,0.0746,0.0308,0.0146,0.103,0.303,109.019,4
You're the Reason,1ydaKxb5ZmPUWZ39buR0tp,2019-06-28T06:00:38Z,You're the Reason,2019-06-15,198367,41,INTERSECTION,5yzLjgtXt52UUcOO0y88ma,4848,38,j-pop boy group,0.613,0.702,2,-5.463,1,0.0292,0.0197,0,0.0906,0.127,96.002,4
Without You,3tyunoufm7yIBOkOya5Kv0,2019-06-28T06:00:38Z,Without You,2019-05-31,214874,38,Adnan Veron,0YpOe2SiYZVcWvrHiCV17W,49,27,,0.608,0.708,5,-2.846,1,0.0315,0.366,0,0.337,0.59,89.964,4
Desire,3ZGdBDvHhvPhFJ0j7eBVTx,2019-06-28T06:00:38Z,Desire,2019-05-31,163809,38,Maone,3lHCbPkaSUJPiqQ9ZJLEOj,509,34,pop edm,0.692,0.918,6,-6.142,0,0.057,0.0271,0.0126,0.139,0.131,125.952,4
Let Me Go,5FmxnP0UBUeEK52GUrEZEo,2019-06-28T06:00:38Z,Let Me Go,2019-05-31,178116,38,Giraffe Squad,4fExyyH6AKHafLf9GpvZ5y,1986,42,,0.729,0.675,7,-4.783,0,0.0434,0.566,0.000213,0.137,0.346,99.972,4
There for You,5VjapMNo7lsittss7uzIkT,2019-06-28T06:00:38Z,There for You,2019-03-22,165604,46,Pharien,1o5EqlNmXaRRsT6imRMm3i,812,42,pop edm,0.553,0.958,10,-2.539,0,0.0527,0.0406,0.00107,0.219,0.564,125.909,4
Be Alright,5x7YqSlCmfLlIcMN6ZYYqt,2019-06-28T06:00:38Z,Be Alright,2019-04-19,156801,40,Tokyo Project,6b6w8DXrLFEPxnG4kTqUnT,194,34,,0.483,0.75,4,-5.099,0,0.0811,0.332,2.72e-05,0.121,0.196,111.595,1
Somebody New,5ucs9A7lqYAZ25gKEBgtC2,2019-06-28T06:00:38Z,Somebody New,2019-03-22,201653,45,Antoine Cara,4sHxN0TiHnkwK3YNIdTkMm,40,36,,0.763,0.705,7,-3.965,1,0.0314,0.364,0.000186,0.114,0.538,122.026,4
Awakening,7ADVIMSFgrBxMVeetkxx1U,2019-06-28T06:00:38Z,Awakening,2019-05-10,199929,41,LMBO,2hKBuue0E5QJ4RF0LQhEyd,368,37,,0.49,0.664,11,-8.031,0,0.0851,0.216,0,0.93,0.509,94.981,4
Miss You,3FrjzUxCZZV2J5qkjtnKFV,2019-06-28T06:00:38Z,Miss You,2019-05-24,209400,42,BVRNOUT,5oREZfPeedk4nyo1GpqKfU,7962,47,electronic trap,0.447,0.66,6,-4.718,1,0.0572,0.22,9.02e-05,0.138,0.47,74.641,4
Old Fashioned (Stephan Remix),3Wbt5yIikZqIK9wiKqld85,2019-06-28T06:00:38Z,Old Fashioned (Stephan Remix),2019-05-24,144965,39,RudeLies,7hf6L4LN1RTVN66IdBVpPr,5477,48,"pop edm,sky room",0.625,0.933,1,-3.327,1,0.0722,0.00839,0.0128,0.341,0.461,128.055,4
On My Own,6zngm4DD3XjvgimjThzbQZ,2019-06-28T06:00:38Z,On My Own,2019-05-10,153308,42,Depdramez,7vN4ChI7eslj4xqTIozg6X,114,34,,0.57,0.898,2,-3.182,0,0.0355,0.000487,0.759,0.393,0.082,126.114,4
First Time,2NS7KYPtZUm9BWgjGndkda,2019-06-28T06:00:38Z,First Time,2019-05-10,174000,39,Jake & Alvar,2VFRPddijRdHZWITDHYZkZ,77,29,,0.615,0.933,10,-4.683,0,0.113,0.00713,3.34e-06,0.166,0.281,127.949,4
Be Happy,6d64llUzZIoz0Ts41PDhQC,2019-06-28T06:00:38Z,Be Happy,2019-04-05,148938,41,Foulds,2s8qKnxMzHyJkgxPA5mO7O,512,46,,0.535,0.772,9,-6.606,0,0.288,0.176,0,0.0723,0.655,215.543,4
Be There,3TiAw64NTaThOrfvwnNLAl,2019-06-28T06:00:38Z,Be There,2019-04-05,158054,40,Delta Jack,5qFj5cdUuvWmzYx03PsDjY,1190,37,pop edm,0.862,0.629,1,-6.547,0,0.0665,0.0719,0.000717,0.349,0.148,125.04,4
The Bird,5APrBWxW5d9UQaeHBy1l8i,2019-06-28T06:00:38Z,The Bird,2019-05-17,150897,41,Artelax,1cmngJeHHZi2ZWodpFOLv3,1722,39,,0.6,0.974,7,-2.634,1,0.0587,0.00831,0.153,0.297,0.388,126.013,4
There For You,5E4cxSwx7t1WQej3CxAKaf,2019-06-28T06:00:38Z,There For You,2019-05-17,172750,40,Refeci,1NTljmDof9yJq0kaRsAucp,3823,41,melbourne bounce international,0.604,0.595,1,-8.721,1,0.0549,0.332,0.01,0.141,0.108,99.983,4
Four Letter Word,14463IV0lW3BOEwOkPAweb,2019-06-28T06:10:38Z,Four Letter Word,2019-06-28,177760,18,KIIRA,05td2nr4eiGPUYgsrrfNZ1,659,38,,0.528,0.424,9,-7.951,0,0.0603,0.798,3.75e-06,0.0857,0.329,79.891,4
Temple,1WHnYj5R2H9QhUc4k4SHjL,2019-06-28T06:00:38Z,Temple,2019-05-03,161294,39,Triple M,2Tw3Czv2kxEz8h3RILbzjT,1400,44,,0.747,0.881,7,-5.395,1,0.0721,0.0575,0.726,0.151,0.0726,128.022,4
With Me,35cvrxWksHpvVVz537juYV,2019-06-28T06:00:38Z,With Me,2019-05-03,181935,38,Feb,6lc0muqqPZVQsaTsNCyuRa,131,32,,0.705,0.597,1,-6.266,1,0.0331,0.0986,0.00127,0.119,0.357,124.011,4
Close My Eyes,6MiTFDPlPSu7WPVmpXBl2e,2019-06-28T06:00:38Z,Close My Eyes,2019-05-03,165724,38,Menshee,3oc0nOYBmYZluUiD35EHIf,474,33,future house,0.698,0.962,5,-3.821,0,0.0782,0.0593,0.00275,0.352,0.494,126.073,4
Super Sexy Girls,1oFXQML66EfF9IumPz9FQL,2019-06-28T06:00:38Z,Super Sexy Girls,2019-05-17,187866,42,WE THE SAVAGES,3Gsql2tNs9Ja1zroVZEBtn,1072,32,,0.783,0.679,1,-5.176,1,0.113,0.0158,3.43e-06,0.311,0.827,123.017,4
Go,012IVuoQLrDJUqEracbIEW,2019-06-28T06:00:38Z,Go,2019-05-17,180956,54,Matthew Schultz,2Sd3zmzvPHUeBp7jWxIGfP,32963,49,,0.839,0.581,9,-7.964,0,0.0807,0.35,0.00117,0.122,0.284,116.968,4
Welcome to the Jungle,4QZPjuBx0NvmQPRgLgAb0W,2019-06-28T06:00:38Z,GEARWORLD VOL. 1,2019-04-19,224000,44,Crankdat,5lCekoJW9jNq01B1wiqdAb,33224,59,"brostep,electro house,electronic trap,pop edm,zapstep",0.315,0.883,4,-2.982,0,0.164,0.00085,0.0543,0.0655,0.0915,150.202,4
Khaleesi,0tTIJ0xIESet0LGwjRUUgT,2019-06-28T06:00:38Z,Khaleesi,2019-05-15,153191,43,Baby Jane,3scHMUcB85BflinC8FclbI,76,32,,0.724,0.704,6,-3.696,1,0.045,0.183,0,0.137,0.383,141.011,3
Possible,5KyUs8TfzBYrToqSYVCDrV,2019-06-28T06:00:38Z,Possible,2019-03-15,174556,65,Darius & Finlay,1w67D3PakcxjYGt6xPnnke,55380,61,"eurodance,hands up,pop house",0.436,0.808,9,-3.988,0,0.0446,0.0209,0,0.268,0.214,127.939,4
One in a Million,01l7eyFveToB3aSDbpHge8,2019-06-28T06:00:38Z,One in a Million,2019-05-17,230986,42,Almost Owen,0cx6W9yZSat6dyJqqjNr5Q,408,35,,0.652,0.763,8,-9.685,0,0.057,0.131,0.00699,0.0758,0.32,109.003,4
Change My Mind [RØGUENETHVN Remix],4B5GijEg6yFGLTnFJwNaS1,2019-06-28T06:00:38Z,Change My Mind [Remix Pack Vol.1],2019-05-03,155416,40,NUDØ,4jUscfWxMwNhbyKwDcm0hg,219,39,"montreal indie,pop edm",0.61,0.87,1,-4.664,1,0.0577,0.109,6.51e-05,0.311,0.505,77.958,4
No Good In Goodbye,0SZ9Vr3YJcRqSMPuIFn1rn,2019-06-28T06:00:38Z,No Good In Goodbye,2019-04-26,198048,38,Dytone,0YDGLtaVDf3vy2dJZWJg1k,1919,39,pop edm,0.763,0.754,5,-5.081,0,0.0376,0.331,0.00021,0.0752,0.138,123.949,4
Nobody,3AUx01yXXGX4tuFdlAc8n2,2019-06-28T06:00:38Z,Nobody,2019-04-26,184908,41,NUDØ,4jUscfWxMwNhbyKwDcm0hg,219,39,"montreal indie,pop edm",0.653,0.754,11,-4.985,0,0.052,0.3,0,0.0736,0.668,121.991,4
Million Voices,2ejaSqNxadkuLLsiZpVk0u,2019-06-28T06:00:38Z,Million Voices,2019-05-17,210758,35,Brett Miller,5WKSAch6loISTLupOa9Ilb,1131,45,,0.709,0.683,7,-8.507,1,0.0444,0.425,0.0012,0.104,0.205,109.918,4
Home,45nfxTUaiBhTmRVXVxxUf0,2019-06-28T06:00:38Z,Home,2019-04-12,193094,45,Jerad Finck,3w5Vd4aoBBbAZET3ezprIu,8597,37,,0.695,0.406,10,-8.32,0,0.0393,0.116,0,0.117,0.453,93.018,4
Party Girl,3lba4erIlhdu8JJVihJbBW,2019-06-28T06:00:38Z,Party Girl,2019-04-26,158133,40,Roman Blanco,0zBHS0LUpnro61dWNRDmyN,4647,41,,0.751,0.798,2,-7.281,1,0.072,0.033,0.00218,0.0629,0.591,125.996,4
New Horizon,1daF6zsNUPIAMH5LWYJhvh,2019-06-28T06:00:38Z,New Horizon,2019-04-19,153170,40,JPB,0t5H8FcoVPzn4sVeNxibMU,17038,53,tracestep,0.746,0.664,5,-7.833,1,0.0465,0.0647,4.88e-06,0.0848,0.597,97.939,4
Way,7N1SQdIGyDPgEP6ClJnarm,2019-06-28T06:00:38Z,Way,2019-04-26,165055,39,Sam Ourt,5I3AwOX9Fr2gEG6SKmltH6,267,38,,0.771,0.75,0,-4.599,0,0.0419,0.0454,0.047,0.0695,0.354,124.034,4
Say It,2RXc9oKjAMxsEL0WSpgSLe,2019-06-28T06:00:38Z,Say It,2019-04-16,219362,40,Apollo Rising,5woDd4xAgHuBWbp5NuY1n2,1714,35,,0.563,0.797,2,-6.538,0,0.0419,0.0838,0.0104,0.112,0.429,149.968,4
Simple (WAYER Remix),4FF0cN6MlQaRAljVsUBgAv,2019-06-28T06:00:38Z,Simple (WAYER Remix),2019-04-05,168059,36,FANNYPACK,6SjKNESwrpwMUN0Y0bRmza,317,36,,0.756,0.614,9,-7.147,0,0.0713,0.00682,0,0.125,0.531,110.053,4
Out of My Mind,17TwVxKu7JXv8ODJC1P0C7,2019-06-28T06:00:38Z,Out of My Mind,2019-04-19,182610,35,Samurah,2szmyzyU3WFZTVa6oArMhA,337,29,,0.692,0.888,9,-5.969,0,0.0944,0.0225,0.000181,0.18,0.489,127.994,4
Foundation,3TDXWgEzIzseAtdkZXpSLa,2019-06-28T06:00:38Z,Foundation,2019-05-31,147096,41,Davy Boi,2mT1RKw4RNxji0JVfIRPL2,642,34,,0.712,0.644,10,-4.82,1,0.0757,0.353,0,0.108,0.532,92.986,4
Triumphant,2rt82a9wle40iokMmEYYgO,2019-06-28T06:00:38Z,Triumphant,2019-05-08,203476,43,Axl & Arth,2tL4WKtUhzNP0x2GPrjS56,451,36,,0.604,0.722,9,-4.005,0,0.0341,0.0451,2.96e-06,0.158,0.252,104.067,4
Voulez Vous,0p4hMODRhfHJmMd8wR7mam,2019-06-28T06:00:38Z,Voulez Vous,2019-01-01,197714,48,Melxdie,3Qu4RzFokPNQU3HufxcVW3,890,43,,0.715,0.873,1,-5.112,1,0.0729,0.0851,0.000124,0.129,0.55,104.974,4
Not Done Here Yet,1m3utEzCYOsYUhd8eLkOes,2019-06-28T06:00:38Z,Not Done Here Yet,2019-05-30,194526,39,Teddi Gold,7IIPt2aOjyLjpwsRGXsj7h,186,33,,0.706,0.875,5,-2.685,0,0.159,0.118,0.000743,0.247,0.563,96.04,4
Squeeze,3Qzlt2aZR1GOX60oaRYV22,2019-06-28T06:00:38Z,Squeeze,2019-04-19,206433,35,Rush & Hydro,6BtHioZvSGcxdlORG0lBje,152,29,,0.779,0.913,9,-3.838,0,0.0743,0.0402,0.507,0.2,0.669,123.995,4
Take Me Away,1pevKUJd8MFhAgrVxERcTP,2019-06-28T06:00:38Z,Take Me Away,2019-04-12,159178,35,Jonas Hahn,7tBpLbevy1QHXITbLo5SIn,142,40,,0.702,0.721,4,-3.367,0,0.0272,0.178,1.28e-05,0.257,0.29,125.015,4
Where We Go,35M0f7FydKKMr3Q6lpyJfY,2019-06-28T06:00:38Z,Where We Go,2019-04-12,160040,38,Pharien,1o5EqlNmXaRRsT6imRMm3i,812,42,pop edm,0.637,0.906,10,-5.127,0,0.0535,0.0265,0.0317,0.0586,0.284,125.891,4
Your Love,0KjzpcBE6xqsYcGBmpVNf8,2019-06-28T06:00:38Z,Your Love,2019-04-12,139403,35,Versus,3QycjSeZMvNChMMk1YEhUo,188,38,,0.766,0.83,7,-5.491,1,0.0637,6.48e-05,0.831,0.126,0.0525,123.976,4
Simple (STVW Remix),0gIZLyF3MWQVcspzrLWYod,2019-06-28T06:00:38Z,Simple (STVW Remix),2019-04-12,147553,35,FANNYPACK,6SjKNESwrpwMUN0Y0bRmza,317,36,,0.434,0.917,9,-3.613,0,0.0633,0.301,1.8e-05,0.289,0.622,121.967,4
Breathe,3ekM1ZWxzUHs4SE77HtekG,2019-06-28T06:00:38Z,Breathe,2018-12-28,189584,47,Vijay & Sofia Zlatko,23BtKJexFLn0Ri6s7BEC4d,13378,56,"deep house,deep tropical house,groove room,tropical house",0.713,0.715,3,-7.076,0,0.0434,0.131,0.832,0.0949,0.353,122.03,4
Crooked,2LbMnCJb61TYYvpVQeHvBv,2019-06-28T06:00:38Z,Crooked,2018-07-13,134179,51,Steve Void,3WSK3JppX3N41XHVwQp7Gt,41337,63,"deep tropical house,edm,pop edm,tropical house",0.59,0.741,0,-4.568,1,0.0815,0.00371,0,0.0932,0.193,135.867,4
9PM,6OMkimjoNIgu1vLiXJgbOA,2019-06-28T06:00:38Z,9PM,2017-10-06,137052,58,Steve Void,3WSK3JppX3N41XHVwQp7Gt,41337,63,"deep tropical house,edm,pop edm,tropical house",0.635,0.814,0,-5.138,1,0.0438,0.0361,0,0.285,0.288,117.182,4
Friends & Lovers [Buzz Low Remix],4g4wUHzb043SoBv76x8oNi,2019-06-28T06:00:38Z,Friends & Lovers [Buzz Low Remix],2018-07-27,180520,50,PLAYDED,2bVDBU5YmauWpiN1LJ8ZkL,331,40,pop edm,0.626,0.688,7,-5.446,1,0.0295,0.0181,0.0226,0.332,0.204,125.039,4
Comfortable [Nu Aspect Remix],12R735M4y3nzKFWEOh3HOZ,2019-06-28T06:00:38Z,Comfortable [Remix Pack Vol.2],2018-04-13,223491,39,Steve Void,3WSK3JppX3N41XHVwQp7Gt,41337,63,"deep tropical house,edm,pop edm,tropical house",0.687,0.751,10,-7.902,0,0.0863,0.0991,0.148,0.154,0.62,122.988,4
